Generation 1 : 
Population : [[2, 23, 8, 2], [18, 14, 29, 17], [7, 17, 7, 20], [26, 18, 11, 5], [6, 21, 18, 14], [10, 21, 21, 6]] 
Fitness Function : [0.16666666666666666, 0.02040816326530612, 0.045454545454545456, 0.03225806451612903, 0.03333333333333333, 0.034482758620689655] 
Children : [[3, 21, 18, 2], [2, 23, 2, 14], [7, 17, 23, 2], [2, 23, 7, 20], [6, 21, 8, 21], [2, 28, 18, 2]] 

Generation 2 : 
Population : [[3, 21, 18, 2], [2, 23, 2, 14], [7, 17, 23, 2], [2, 23, 7, 20], [6, 21, 8, 21], [2, 28, 18, 2]] 
Fitness Function : [0.06666666666666667, 0.08333333333333333, 0.05, 0.043478260869565216, 0.037037037037037035, 0.047619047619047616] 
Children : [[3, 17, 23, 12], [15, 21, 18, 3], [29, 21, 18, 2], [3, 23, 2, 1], [2, 21, 8, 21], [6, 23, 22, 14]] 

Generation 3 : 
Population : [[3, 17, 23, 12], [15, 21, 18, 3], [29, 21, 18, 2], [3, 23, 2, 1], [2, 21, 8, 21], [6, 23, 22, 14]] 
Fitness Function : [0.038461538461538464, 0.03571428571428571, 0.024390243902439025, 0.5, 0.043478260869565216, 0.027777777777777776] 
Children : [[5, 23, 21, 5], [3, 23, 2, 25], [3, 23, 2, 1], [3, 23, 2, 1], [29, 21, 18, 18], [29, 21, 18, 22]] 

Generation 4 : 
Population : [[5, 23, 21, 5], [3, 23, 2, 25], [3, 23, 2, 1], [3, 23, 2, 1], [29, 21, 18, 18], [29, 21, 18, 22]] 
Fitness Function : [0.04, 0.041666666666666664, 0.5, 0.5, 0.017543859649122806, 0.01639344262295082] 
Children : [[3, 23, 2, 1], [3, 23, 3, 1], [3, 17, 2, 1], [3, 23, 2, 1], [3, 23, 2, 1], [3, 7, 8, 1]] 

Generation 5 : 
Population (Last Children) : [[3, 23, 2, 1], [3, 23, 3, 1], [3, 17, 2, 1], [3, 23, 2, 1], [3, 23, 2, 1], [3, 7, 8, 1]] 
Fitness Function : [0.5, 1.0, 0.125, 0.5, 0.5, 0.08333333333333333] 

